{"producer":{"name":"Blender","version":"2.93.5","exporter_version":"2.93.4","file":"canteen.babylon"},
"autoClear":true,"clearColor":[0.0509,0.0509,0.0509],"gravity":[0,-9.81,0],"environmentTexture":"kloppenheim_06_1k.hdr","environmentTextureType":"BABYLON.HDRCubeTexture","environmentTextureSize":128,"isPBR":true,"environmentTextureRotationY":0,"createDefaultSkybox":true,"skyboxBlurLevel ":0,
"materials":[{"name":"canteen wall","id":"canteen wall","customType":"BABYLON.PBRMaterial","emissive":[0,0,0],"reflectivity":[0.5,0.5,0.5],"roughness":1,"alpha":1,"transparencyMode":0,"alphaCutOff":0.4,"metallic":1, 
"albedoTexture":{"name":"canteen_wall_basecolor.jpg","level":1,"hasAlpha":false,"coordinatesMode":0,"uOffset":0,"vOffset":0,"uScale":1,"vScale":1,"uAng":0,"vAng":0,"wAng":0,"wrapU":1,"wrapV":1,"coordinatesIndex":0},"useAlphaFromAlbedoTexture":false, 
"bumpTexture":{"name":"canteen_wall_normal.jpg","level":1,"hasAlpha":false,"coordinatesMode":0,"uOffset":0,"vOffset":0,"uScale":1,"vScale":1,"uAng":0,"vAng":0,"wAng":0,"wrapU":1,"wrapV":1,"coordinatesIndex":0}, 
"metallicTexture":{"name":"canteen_floor_occlusion_roughness_metal.jpg","level":1,"hasAlpha":false,"coordinatesMode":0,"uOffset":0,"vOffset":0,"uScale":1,"vScale":1,"uAng":0,"vAng":0,"wAng":0,"wrapU":1,"wrapV":1,"coordinatesIndex":0},"useMetallnessFromMetallicTextureBlue":true,"useRoughnessFromMetallicTextureGreen":true,"useAmbientOcclusionFromMetallicTextureRed":false,"useRoughnessFromMetallicTextureAlpha":false},
{"name":"temp trans","id":"temp trans","customType":"BABYLON.PBRMaterial","albedo":[0.6146,0.6146,0.6146],"emissive":[0,0,0],"reflectivity":[0.5,0.5,0.5],"roughness":0.5,"alpha":1,"transparencyMode":0,"alphaCutOff":0.4,"metallic":0},
{"name":"canteen floor","id":"canteen floor","customType":"BABYLON.PBRMaterial","emissive":[0,0,0],"reflectivity":[0.5,0.5,0.5],"roughness":1,"alpha":1,"transparencyMode":0,"alphaCutOff":0.4,"metallic":1, 
"albedoTexture":{"name":"canteen_floor_basecolor.jpg","level":1,"hasAlpha":false,"coordinatesMode":0,"uOffset":0,"vOffset":0,"uScale":1,"vScale":1,"uAng":0,"vAng":0,"wAng":0,"wrapU":1,"wrapV":1,"coordinatesIndex":0},"useAlphaFromAlbedoTexture":false, 
"bumpTexture":{"name":"canteen_floor_normal.jpg","level":1,"hasAlpha":false,"coordinatesMode":0,"uOffset":0,"vOffset":0,"uScale":1,"vScale":1,"uAng":0,"vAng":0,"wAng":0,"wrapU":1,"wrapV":1,"coordinatesIndex":0}, 
"metallicTexture":{"name":"canteen_floor_occlusion_roughness_metal.jpg","level":1,"hasAlpha":false,"coordinatesMode":0,"uOffset":0,"vOffset":0,"uScale":1,"vScale":1,"uAng":0,"vAng":0,"wAng":0,"wrapU":1,"wrapV":1,"coordinatesIndex":0},"useMetallnessFromMetallicTextureBlue":true,"useRoughnessFromMetallicTextureGreen":true,"useAmbientOcclusionFromMetallicTextureRed":false,"useRoughnessFromMetallicTextureAlpha":false},
{"name":"canteen wall highlights","id":"canteen wall highlights","customType":"BABYLON.PBRMaterial","emissive":[0,0,0],"reflectivity":[0.5,0.5,0.5],"roughness":1,"alpha":1,"transparencyMode":0,"alphaCutOff":0.4,"metallic":1, 
"albedoTexture":{"name":"canteen_wall_highlights_basecolor.jpg","level":1,"hasAlpha":false,"coordinatesMode":0,"uOffset":0,"vOffset":0,"uScale":1,"vScale":1,"uAng":0,"vAng":0,"wAng":0,"wrapU":1,"wrapV":1,"coordinatesIndex":0},"useAlphaFromAlbedoTexture":false, 
"bumpTexture":{"name":"canteen_wall_normal.jpg","level":1,"hasAlpha":false,"coordinatesMode":0,"uOffset":0,"vOffset":0,"uScale":1,"vScale":1,"uAng":0,"vAng":0,"wAng":0,"wrapU":1,"wrapV":1,"coordinatesIndex":0}, 
"metallicTexture":{"name":"canteen_floor_occlusion_roughness_metal.jpg","level":1,"hasAlpha":false,"coordinatesMode":0,"uOffset":0,"vOffset":0,"uScale":1,"vScale":1,"uAng":0,"vAng":0,"wAng":0,"wrapU":1,"wrapV":1,"coordinatesIndex":0},"useMetallnessFromMetallicTextureBlue":true,"useRoughnessFromMetallicTextureGreen":true,"useAmbientOcclusionFromMetallicTextureRed":false,"useRoughnessFromMetallicTextureAlpha":false},
{"name":"canteen wood","id":"canteen wood","customType":"BABYLON.PBRMaterial","emissive":[0,0,0],"reflectivity":[0.5,0.5,0.5],"roughness":1,"alpha":1,"transparencyMode":0,"alphaCutOff":0.4,"metallic":1, 
"albedoTexture":{"name":"canteen_wood_basecolor.jpg","level":1,"hasAlpha":false,"coordinatesMode":0,"uOffset":0,"vOffset":0,"uScale":1,"vScale":1,"uAng":0,"vAng":0,"wAng":0,"wrapU":1,"wrapV":1,"coordinatesIndex":0},"useAlphaFromAlbedoTexture":false, 
"bumpTexture":{"name":"canteen_wood_normal.jpg","level":1,"hasAlpha":false,"coordinatesMode":0,"uOffset":0,"vOffset":0,"uScale":1,"vScale":1,"uAng":0,"vAng":0,"wAng":0,"wrapU":1,"wrapV":1,"coordinatesIndex":0}, 
"metallicTexture":{"name":"canteen_floor_occlusion_roughness_metal.jpg","level":1,"hasAlpha":false,"coordinatesMode":0,"uOffset":0,"vOffset":0,"uScale":1,"vScale":1,"uAng":0,"vAng":0,"wAng":0,"wrapU":1,"wrapV":1,"coordinatesIndex":0},"useMetallnessFromMetallicTextureBlue":true,"useRoughnessFromMetallicTextureGreen":true,"useAmbientOcclusionFromMetallicTextureRed":false,"useRoughnessFromMetallicTextureAlpha":false},
{"name":"blue top","id":"blue top","customType":"BABYLON.PBRMaterial","albedo":[0.2091,0.2827,0.3442],"emissive":[0,0,0],"reflectivity":[0.5,0.5,0.5],"roughness":0.5,"alpha":1,"transparencyMode":0,"alphaCutOff":0.4,"metallic":0},
{"name":"window backing","id":"window backing","customType":"BABYLON.PBRMaterial","albedo":[0.2699,0.2699,0.2699],"emissive":[0,0,0],"reflectivity":[0.5,0.5,0.5],"roughness":0.1145,"alpha":1,"transparencyMode":0,"alphaCutOff":0.4,"metallic":0},
{"name":"chairs","id":"chairs","customType":"BABYLON.PBRMaterial","albedo":[0.5324,0.4687,0.2236],"emissive":[0,0,0],"reflectivity":[0.5,0.5,0.5],"roughness":0.6455,"alpha":1,"transparencyMode":0,"alphaCutOff":0.4,"metallic":0}],
"multiMaterials":[{"name":"canteen.Multimaterial#0","id":"canteen.Multimaterial#0","materials":["canteen wood","blue top"]},{"name":"canteen.Multimaterial#1","id":"canteen.Multimaterial#1","materials":["canteen wood","temp trans"]},{"name":"canteen.Multimaterial#2","id":"canteen.Multimaterial#2","materials":["temp trans","window backing"]},{"name":"canteen.Multimaterial#3","id":"canteen.Multimaterial#3","materials":["temp trans","window backing"]}],
"skeletons":[{"name":"metarig","id":0,"dimensionsAtRest":[1.4468,1.9796,0.2491],"bones":[
{"name":"spine","index":0,"matrix":[0.8417,0,0,0,0,0.8151,-0.2101,0,0,-0.2101,-0.8151,0,0.3021,0.8501,-9.5285,1],"rest":[0.8417,0,0,0,0,0.8151,-0.2101,0,0,-0.2101,-0.8151,0,0.3021,0.8501,-9.5285,1],"parentBoneIndex":-1,"length":0.1522},
{"name":"spine.001","index":1,"matrix":[1,0,0,0,0,0.9917,-0.1287,0,0,0.1287,0.9917,0,0,0.1522,0,1],"rest":[1,0,0,0,0,0.9917,-0.1287,0,0,0.1287,0.9917,0,0,0.1522,0,1],"parentBoneIndex":0,"length":0.1366},
{"name":"spine.002","index":2,"matrix":[1,0,0,0,0,0.988,-0.1545,0,0,0.1545,0.988,0,0,0.1366,0,1],"rest":[1,0,0,0,0,0.988,-0.1545,0,0,0.1545,0.988,0,0,0.1366,0,1],"parentBoneIndex":1,"length":0.1729},
{"name":"spine.003","index":3,"matrix":[1,0,0,0,0,1,0.0033,0,0,-0.0033,1,0,0,0.1729,0,1],"rest":[1,0,0,0,0,1,0.0033,0,0,-0.0033,1,0,0,0.1729,0,1],"parentBoneIndex":2,"length":0.1926},
{"name":"spine.004","index":4,"matrix":[1,0,0,0,0,0.9186,0.3952,0,0,-0.3952,0.9186,0,0,0.1926,0,1],"rest":[1,0,0,0,0,0.9186,0.3952,0,0,-0.3952,0.9186,0,0,0.1926,0,1],"parentBoneIndex":3,"length":0.0662},
{"name":"spine.005","index":5,"matrix":[1,0,0,0,0,0.982,-0.1889,0,0,0.1889,0.982,0,0,0.0662,0,1],"rest":[1,0,0,0,0,0.982,-0.1889,0,0,0.1889,0.982,0,0,0.0662,0,1],"parentBoneIndex":4,"length":0.0627},
{"name":"spine.006","index":6,"matrix":[1,0,0,0,0,0.9824,-0.1866,0,0,0.1866,0.9824,0,0,0.0627,0,1],"rest":[1,0,0,0,0,0.9824,-0.1866,0,0,0.1866,0.9824,0,0,0.0627,0,1],"parentBoneIndex":5,"length":0.1983},
{"name":"shoulder.L","index":7,"matrix":[0.5071,-0.0247,0.8615,0,0.8619,0.0139,-0.5069,0,0.0005,0.9996,0.0283,0,0.0183,0.1372,0.0783,1],"rest":[0.5071,-0.0247,0.8615,0,0.8619,0.0139,-0.5069,0,0.0005,0.9996,0.0283,0,0.0183,0.1372,0.0783,1],"parentBoneIndex":3,"length":0.1753},
{"name":"upper_arm.L","index":8,"matrix":[-0.2438,-0.4139,-0.8771,0,0.2497,0.8471,-0.4692,0,0.9371,-0.3334,-0.1031,0,0.0078,0.2008,-0.0204,1],"rest":[-0.2438,-0.4139,-0.8771,0,0.2497,0.8471,-0.4692,0,0.9371,-0.3334,-0.1031,0,0.0078,0.2008,-0.0204,1],"parentBoneIndex":7,"length":0.2885},
{"name":"forearm.L","index":9,"matrix":[0.9967,-0.0791,-0.0174,0,0.0801,0.9306,0.3572,0,-0.0121,-0.3574,0.9339,0,0,0.2885,0,1],"rest":[0.9967,-0.0791,-0.0174,0,0.0801,0.9306,0.3572,0,-0.0121,-0.3574,0.9339,0,0,0.2885,0,1],"parentBoneIndex":8,"length":0.2628},
{"name":"hand.L","index":10,"matrix":[0.9984,-0.0562,0.0085,0,0.0565,0.9972,-0.0499,0,-0.0057,0.0503,0.9987,0,0,0.2628,0,1],"rest":[0.9984,-0.0562,0.0085,0,0.0565,0.9972,-0.0499,0,-0.0057,0.0503,0.9987,0,0,0.2628,0,1],"parentBoneIndex":9,"length":0.0802},
{"name":"shoulder.R","index":11,"matrix":[0.5071,0.0247,-0.8615,0,-0.8619,0.0139,-0.5069,0,-0.0005,0.9996,0.0283,0,-0.0183,0.1372,0.0783,1],"rest":[0.5071,0.0247,-0.8615,0,-0.8619,0.0139,-0.5069,0,-0.0005,0.9996,0.0283,0,-0.0183,0.1372,0.0783,1],"parentBoneIndex":3,"length":0.1753},
{"name":"upper_arm.R","index":12,"matrix":[-0.2438,0.4139,0.8771,0,-0.2497,0.8471,-0.4692,0,-0.9371,-0.3334,-0.1031,0,-0.0078,0.2008,-0.0204,1],"rest":[-0.2438,0.4139,0.8771,0,-0.2497,0.8471,-0.4692,0,-0.9371,-0.3334,-0.1031,0,-0.0078,0.2008,-0.0204,1],"parentBoneIndex":11,"length":0.2885},
{"name":"forearm.R","index":13,"matrix":[0.9967,0.0791,0.0174,0,-0.0801,0.9306,0.3572,0,0.0121,-0.3574,0.9339,0,0,0.2885,0,1],"rest":[0.9967,0.0791,0.0174,0,-0.0801,0.9306,0.3572,0,0.0121,-0.3574,0.9339,0,0,0.2885,0,1],"parentBoneIndex":12,"length":0.2628},
{"name":"hand.R","index":14,"matrix":[0.9984,0.0562,-0.0085,0,-0.0565,0.9972,-0.0499,0,0.0057,0.0503,0.9987,0,0,0.2628,0,1],"rest":[0.9984,0.0562,-0.0085,0,-0.0565,0.9972,-0.0499,0,0.0057,0.0503,0.9987,0,0,0.2628,0,1],"parentBoneIndex":13,"length":0.0802},
{"name":"breast.L","index":15,"matrix":[-1,0,0,0,0,-0.0286,0.9996,0,0,0.9996,0.0286,0,0.1184,-0.0049,-0.0428,1],"rest":[-1,0,0,0,0,-0.0286,0.9996,0,0,0.9996,0.0286,0,0.1184,-0.0049,-0.0428,1],"parentBoneIndex":3,"length":0.1392},
{"name":"breast.R","index":16,"matrix":[-1,0,0,0,0,-0.0286,0.9996,0,0,0.9996,0.0286,0,-0.1184,-0.0049,-0.0428,1],"rest":[-1,0,0,0,0,-0.0286,0.9996,0,0,0.9996,0.0286,0,-0.1184,-0.0049,-0.0428,1],"parentBoneIndex":3,"length":0.1392},
{"name":"pelvis.L","index":17,"matrix":[-0.4218,-0.0525,0.9052,0,0.5363,0.7905,0.2958,0,-0.7311,0.6102,-0.3052,0,0,0,0,1],"rest":[-0.4218,-0.0525,0.9052,0,0.5363,0.7905,0.2958,0,-0.7311,0.6102,-0.3052,0,0,0,0,1],"parentBoneIndex":0,"length":0.2073},
{"name":"pelvis.R","index":18,"matrix":[-0.4218,0.0525,-0.9052,0,-0.5363,0.7905,0.2958,0,0.7311,0.6102,-0.3052,0,0,0,0,1],"rest":[-0.4218,0.0525,-0.9052,0,-0.5363,0.7905,0.2958,0,0.7311,0.6102,-0.3052,0,0,0,0,1],"parentBoneIndex":0,"length":0.2073},
{"name":"thigh.L","index":19,"matrix":[1,0,0,0,0,-0.9464,0.3229,0,0,-0.3229,-0.9464,0,0.098,0.0708,0.0259,1],"rest":[1,0,0,0,0,-0.9464,0.3229,0,0,-0.3229,-0.9464,0,0.098,0.0708,0.0259,1],"parentBoneIndex":0,"length":0.5364},
{"name":"shin.L","index":20,"matrix":[1,0,0,0,0,0.9847,0.1744,0,0,-0.1744,0.9847,0,0,0.5364,0,1],"rest":[1,0,0,0,0,0.9847,0.1744,0,0,-0.1744,0.9847,0,0,0.5364,0,1],"parentBoneIndex":19,"length":0.4542},
{"name":"foot.L","index":21,"matrix":[1,0,0,0,0,0.4438,-0.8961,0,0,0.8961,0.4438,0,0,0.4542,0,1],"rest":[1,0,0,0,0,0.4438,-0.8961,0,0,0.8961,0.4438,0,0,0.4542,0,1],"parentBoneIndex":20,"length":0.1292},
{"name":"toe.L","index":22,"matrix":[-1,0,0,0,0,0.848,-0.53,0,0,-0.53,-0.848,0,0,0.1292,0,1],"rest":[-1,0,0,0,0,0.848,-0.53,0,0,-0.53,-0.848,0,0,0.1292,0,1],"parentBoneIndex":21,"length":0.0672},
{"name":"heel.02.L","index":23,"matrix":[0,0.848,-0.53,0,1,0,0,0,0,-0.53,-0.848,0,-0.038,0.02,0.088,1],"rest":[0,0.848,-0.53,0,1,0,0,0,0,-0.53,-0.848,0,-0.038,0.02,0.088,1],"parentBoneIndex":21,"length":0.08},
{"name":"thigh.R","index":24,"matrix":[1,0,0,0,0,-0.9464,0.3229,0,0,-0.3229,-0.9464,0,-0.098,0.0708,0.0259,1],"rest":[1,0,0,0,0,-0.9464,0.3229,0,0,-0.3229,-0.9464,0,-0.098,0.0708,0.0259,1],"parentBoneIndex":0,"length":0.5364},
{"name":"shin.R","index":25,"matrix":[1,0,0,0,0,0.9847,0.1744,0,0,-0.1744,0.9847,0,0,0.5364,0,1],"rest":[1,0,0,0,0,0.9847,0.1744,0,0,-0.1744,0.9847,0,0,0.5364,0,1],"parentBoneIndex":24,"length":0.4542},
{"name":"foot.R","index":26,"matrix":[1,0,0,0,0,0.4438,-0.8961,0,0,0.8961,0.4438,0,0,0.4542,0,1],"rest":[1,0,0,0,0,0.4438,-0.8961,0,0,0.8961,0.4438,0,0,0.4542,0,1],"parentBoneIndex":25,"length":0.1292},
{"name":"toe.R","index":27,"matrix":[-1,0,0,0,0,0.848,-0.53,0,0,-0.53,-0.848,0,0,0.1292,0,1],"rest":[-1,0,0,0,0,0.848,-0.53,0,0,-0.53,-0.848,0,0,0.1292,0,1],"parentBoneIndex":26,"length":0.0672},
{"name":"heel.02.R","index":28,"matrix":[0,-0.848,0.53,0,-1,0,0,0,0,-0.53,-0.848,0,0.038,0.02,0.088,1],"rest":[0,-0.848,0.53,0,-1,0,0,0,0,-0.53,-0.848,0,0.038,0.02,0.088,1],"parentBoneIndex":26,"length":0.08}]},{"name":"metarig.001","id":1,"dimensionsAtRest":[1.4468,1.9796,0.2491],"bones":[
{"name":"spine","index":0,"matrix":[0.8417,0,0,0,0,0.8151,-0.2101,0,0,-0.2101,-0.8151,0,0.3021,0.8501,1.6656,1],"rest":[0.8417,0,0,0,0,0.8151,-0.2101,0,0,-0.2101,-0.8151,0,0.3021,0.8501,1.6656,1],"parentBoneIndex":-1,"length":0.1522},
{"name":"spine.001","index":1,"matrix":[1,0,0,0,0,0.9917,-0.1287,0,0,0.1287,0.9917,0,0,0.1522,0,1],"rest":[1,0,0,0,0,0.9917,-0.1287,0,0,0.1287,0.9917,0,0,0.1522,0,1],"parentBoneIndex":0,"length":0.1366},
{"name":"spine.002","index":2,"matrix":[1,0,0,0,0,0.988,-0.1545,0,0,0.1545,0.988,0,0,0.1366,0,1],"rest":[1,0,0,0,0,0.988,-0.1545,0,0,0.1545,0.988,0,0,0.1366,0,1],"parentBoneIndex":1,"length":0.1729},
{"name":"spine.003","index":3,"matrix":[1,0,0,0,0,1,0.0033,0,0,-0.0033,1,0,0,0.1729,0,1],"rest":[1,0,0,0,0,1,0.0033,0,0,-0.0033,1,0,0,0.1729,0,1],"parentBoneIndex":2,"length":0.1926},
{"name":"spine.004","index":4,"matrix":[1,0,0,0,0,0.9186,0.3952,0,0,-0.3952,0.9186,0,0,0.1926,0,1],"rest":[1,0,0,0,0,0.9186,0.3952,0,0,-0.3952,0.9186,0,0,0.1926,0,1],"parentBoneIndex":3,"length":0.0662},
{"name":"spine.005","index":5,"matrix":[1,0,0,0,0,0.982,-0.1889,0,0,0.1889,0.982,0,0,0.0662,0,1],"rest":[1,0,0,0,0,0.982,-0.1889,0,0,0.1889,0.982,0,0,0.0662,0,1],"parentBoneIndex":4,"length":0.0627},
{"name":"spine.006","index":6,"matrix":[1,0,0,0,0,0.9824,-0.1866,0,0,0.1866,0.9824,0,0,0.0627,0,1],"rest":[1,0,0,0,0,0.9824,-0.1866,0,0,0.1866,0.9824,0,0,0.0627,0,1],"parentBoneIndex":5,"length":0.1983},
{"name":"shoulder.L","index":7,"matrix":[0.5071,-0.0247,0.8615,0,0.8619,0.0139,-0.5069,0,0.0005,0.9996,0.0283,0,0.0183,0.1372,0.0783,1],"rest":[0.5071,-0.0247,0.8615,0,0.8619,0.0139,-0.5069,0,0.0005,0.9996,0.0283,0,0.0183,0.1372,0.0783,1],"parentBoneIndex":3,"length":0.1753},
{"name":"upper_arm.L","index":8,"matrix":[-0.2438,-0.4139,-0.8771,0,0.2497,0.8471,-0.4692,0,0.9371,-0.3334,-0.1031,0,0.0078,0.2008,-0.0204,1],"rest":[-0.2438,-0.4139,-0.8771,0,0.2497,0.8471,-0.4692,0,0.9371,-0.3334,-0.1031,0,0.0078,0.2008,-0.0204,1],"parentBoneIndex":7,"length":0.2885},
{"name":"forearm.L","index":9,"matrix":[0.9967,-0.0791,-0.0174,0,0.0801,0.9306,0.3572,0,-0.0121,-0.3574,0.9339,0,0,0.2885,0,1],"rest":[0.9967,-0.0791,-0.0174,0,0.0801,0.9306,0.3572,0,-0.0121,-0.3574,0.9339,0,0,0.2885,0,1],"parentBoneIndex":8,"length":0.2628},
{"name":"hand.L","index":10,"matrix":[0.9984,-0.0562,0.0085,0,0.0565,0.9972,-0.0499,0,-0.0057,0.0503,0.9987,0,0,0.2628,0,1],"rest":[0.9984,-0.0562,0.0085,0,0.0565,0.9972,-0.0499,0,-0.0057,0.0503,0.9987,0,0,0.2628,0,1],"parentBoneIndex":9,"length":0.0802},
{"name":"shoulder.R","index":11,"matrix":[0.5071,0.0247,-0.8615,0,-0.8619,0.0139,-0.5069,0,-0.0005,0.9996,0.0283,0,-0.0183,0.1372,0.0783,1],"rest":[0.5071,0.0247,-0.8615,0,-0.8619,0.0139,-0.5069,0,-0.0005,0.9996,0.0283,0,-0.0183,0.1372,0.0783,1],"parentBoneIndex":3,"length":0.1753},
{"name":"upper_arm.R","index":12,"matrix":[-0.2438,0.4139,0.8771,0,-0.2497,0.8471,-0.4692,0,-0.9371,-0.3334,-0.1031,0,-0.0078,0.2008,-0.0204,1],"rest":[-0.2438,0.4139,0.8771,0,-0.2497,0.8471,-0.4692,0,-0.9371,-0.3334,-0.1031,0,-0.0078,0.2008,-0.0204,1],"parentBoneIndex":11,"length":0.2885},
{"name":"forearm.R","index":13,"matrix":[0.9967,0.0791,0.0174,0,-0.0801,0.9306,0.3572,0,0.0121,-0.3574,0.9339,0,0,0.2885,0,1],"rest":[0.9967,0.0791,0.0174,0,-0.0801,0.9306,0.3572,0,0.0121,-0.3574,0.9339,0,0,0.2885,0,1],"parentBoneIndex":12,"length":0.2628},
{"name":"hand.R","index":14,"matrix":[0.9984,0.0562,-0.0085,0,-0.0565,0.9972,-0.0499,0,0.0057,0.0503,0.9987,0,0,0.2628,0,1],"rest":[0.9984,0.0562,-0.0085,0,-0.0565,0.9972,-0.0499,0,0.0057,0.0503,0.9987,0,0,0.2628,0,1],"parentBoneIndex":13,"length":0.0802},
{"name":"breast.L","index":15,"matrix":[-1,0,0,0,0,-0.0286,0.9996,0,0,0.9996,0.0286,0,0.1184,-0.0049,-0.0428,1],"rest":[-1,0,0,0,0,-0.0286,0.9996,0,0,0.9996,0.0286,0,0.1184,-0.0049,-0.0428,1],"parentBoneIndex":3,"length":0.1392},
{"name":"breast.R","index":16,"matrix":[-1,0,0,0,0,-0.0286,0.9996,0,0,0.9996,0.0286,0,-0.1184,-0.0049,-0.0428,1],"rest":[-1,0,0,0,0,-0.0286,0.9996,0,0,0.9996,0.0286,0,-0.1184,-0.0049,-0.0428,1],"parentBoneIndex":3,"length":0.1392},
{"name":"pelvis.L","index":17,"matrix":[-0.4218,-0.0525,0.9052,0,0.5363,0.7905,0.2958,0,-0.7311,0.6102,-0.3052,0,0,0,0,1],"rest":[-0.4218,-0.0525,0.9052,0,0.5363,0.7905,0.2958,0,-0.7311,0.6102,-0.3052,0,0,0,0,1],"parentBoneIndex":0,"length":0.2073},
{"name":"pelvis.R","index":18,"matrix":[-0.4218,0.0525,-0.9052,0,-0.5363,0.7905,0.2958,0,0.7311,0.6102,-0.3052,0,0,0,0,1],"rest":[-0.4218,0.0525,-0.9052,0,-0.5363,0.7905,0.2958,0,0.7311,0.6102,-0.3052,0,0,0,0,1],"parentBoneIndex":0,"length":0.2073},
{"name":"thigh.L","index":19,"matrix":[1,0,0,0,0,-0.9464,0.3229,0,0,-0.3229,-0.9464,0,0.098,0.0708,0.0259,1],"rest":[1,0,0,0,0,-0.9464,0.3229,0,0,-0.3229,-0.9464,0,0.098,0.0708,0.0259,1],"parentBoneIndex":0,"length":0.5364},
{"name":"shin.L","index":20,"matrix":[1,0,0,0,0,0.9847,0.1744,0,0,-0.1744,0.9847,0,0,0.5364,0,1],"rest":[1,0,0,0,0,0.9847,0.1744,0,0,-0.1744,0.9847,0,0,0.5364,0,1],"parentBoneIndex":19,"length":0.4542},
{"name":"foot.L","index":21,"matrix":[1,0,0,0,0,0.4438,-0.8961,0,0,0.8961,0.4438,0,0,0.4542,0,1],"rest":[1,0,0,0,0,0.4438,-0.8961,0,0,0.8961,0.4438,0,0,0.4542,0,1],"parentBoneIndex":20,"length":0.1292},
{"name":"toe.L","index":22,"matrix":[-1,0,0,0,0,0.848,-0.53,0,0,-0.53,-0.848,0,0,0.1292,0,1],"rest":[-1,0,0,0,0,0.848,-0.53,0,0,-0.53,-0.848,0,0,0.1292,0,1],"parentBoneIndex":21,"length":0.0672},
{"name":"heel.02.L","index":23,"matrix":[0,0.848,-0.53,0,1,0,0,0,0,-0.53,-0.848,0,-0.038,0.02,0.088,1],"rest":[0,0.848,-0.53,0,1,0,0,0,0,-0.53,-0.848,0,-0.038,0.02,0.088,1],"parentBoneIndex":21,"length":0.08},
{"name":"thigh.R","index":24,"matrix":[1,0,0,0,0,-0.9464,0.3229,0,0,-0.3229,-0.9464,0,-0.098,0.0708,0.0259,1],"rest":[1,0,0,0,0,-0.9464,0.3229,0,0,-0.3229,-0.9464,0,-0.098,0.0708,0.0259,1],"parentBoneIndex":0,"length":0.5364},
{"name":"shin.R","index":25,"matrix":[1,0,0,0,0,0.9847,0.1744,0,0,-0.1744,0.9847,0,0,0.5364,0,1],"rest":[1,0,0,0,0,0.9847,0.1744,0,0,-0.1744,0.9847,0,0,0.5364,0,1],"parentBoneIndex":24,"length":0.4542},
{"name":"foot.R","index":26,"matrix":[1,0,0,0,0,0.4438,-0.8961,0,0,0.8961,0.4438,0,0,0.4542,0,1],"rest":[1,0,0,0,0,0.4438,-0.8961,0,0,0.8961,0.4438,0,0,0.4542,0,1],"parentBoneIndex":25,"length":0.1292},
{"name":"toe.R","index":27,"matrix":[-1,0,0,0,0,0.848,-0.53,0,0,-0.53,-0.848,0,0,0.1292,0,1],"rest":[-1,0,0,0,0,0.848,-0.53,0,0,-0.53,-0.848,0,0,0.1292,0,1],"parentBoneIndex":26,"length":0.0672},
{"name":"heel.02.R","index":28,"matrix":[0,-0.848,0.53,0,-1,0,0,0,0,-0.53,-0.848,0,0.038,0.02,0.088,1],"rest":[0,-0.848,0.53,0,-1,0,0,0,0,-0.53,-0.848,0,0.038,0.02,0.088,1],"parentBoneIndex":26,"length":0.08}]},{"name":"metarig.002","id":2,"dimensionsAtRest":[1.4468,1.9796,0.2491],"bones":[
{"name":"spine","index":0,"matrix":[0.8417,0,0,0,0,0.8151,-0.2101,0,0,-0.2101,-0.8151,0,5.2799,0.8501,-10.0168,1],"rest":[0.8417,0,0,0,0,0.8151,-0.2101,0,0,-0.2101,-0.8151,0,5.2799,0.8501,-10.0168,1],"parentBoneIndex":-1,"length":0.1522},
{"name":"spine.001","index":1,"matrix":[1,0,0,0,0,0.9917,-0.1287,0,0,0.1287,0.9917,0,0,0.1522,0,1],"rest":[1,0,0,0,0,0.9917,-0.1287,0,0,0.1287,0.9917,0,0,0.1522,0,1],"parentBoneIndex":0,"length":0.1366},
{"name":"spine.002","index":2,"matrix":[1,0,0,0,0,0.988,-0.1545,0,0,0.1545,0.988,0,0,0.1366,0,1],"rest":[1,0,0,0,0,0.988,-0.1545,0,0,0.1545,0.988,0,0,0.1366,0,1],"parentBoneIndex":1,"length":0.1729},
{"name":"spine.003","index":3,"matrix":[1,0,0,0,0,1,0.0033,0,0,-0.0033,1,0,0,0.1729,0,1],"rest":[1,0,0,0,0,1,0.0033,0,0,-0.0033,1,0,0,0.1729,0,1],"parentBoneIndex":2,"length":0.1926},
{"name":"spine.004","index":4,"matrix":[1,0,0,0,0,0.9186,0.3952,0,0,-0.3952,0.9186,0,0,0.1926,0,1],"rest":[1,0,0,0,0,0.9186,0.3952,0,0,-0.3952,0.9186,0,0,0.1926,0,1],"parentBoneIndex":3,"length":0.0662},
{"name":"spine.005","index":5,"matrix":[1,0,0,0,0,0.982,-0.1889,0,0,0.1889,0.982,0,0,0.0662,0,1],"rest":[1,0,0,0,0,0.982,-0.1889,0,0,0.1889,0.982,0,0,0.0662,0,1],"parentBoneIndex":4,"length":0.0627},
{"name":"spine.006","index":6,"matrix":[1,0,0,0,0,0.9824,-0.1866,0,0,0.1866,0.9824,0,0,0.0627,0,1],"rest":[1,0,0,0,0,0.9824,-0.1866,0,0,0.1866,0.9824,0,0,0.0627,0,1],"parentBoneIndex":5,"length":0.1983},
{"name":"shoulder.L","index":7,"matrix":[0.5071,-0.0247,0.8615,0,0.8619,0.0139,-0.5069,0,0.0005,0.9996,0.0283,0,0.0183,0.1372,0.0783,1],"rest":[0.5071,-0.0247,0.8615,0,0.8619,0.0139,-0.5069,0,0.0005,0.9996,0.0283,0,0.0183,0.1372,0.0783,1],"parentBoneIndex":3,"length":0.1753},
{"name":"upper_arm.L","index":8,"matrix":[-0.2438,-0.4139,-0.8771,0,0.2497,0.8471,-0.4692,0,0.9371,-0.3334,-0.1031,0,0.0078,0.2008,-0.0204,1],"rest":[-0.2438,-0.4139,-0.8771,0,0.2497,0.8471,-0.4692,0,0.9371,-0.3334,-0.1031,0,0.0078,0.2008,-0.0204,1],"parentBoneIndex":7,"length":0.2885},
{"name":"forearm.L","index":9,"matrix":[0.9967,-0.0791,-0.0174,0,0.0801,0.9306,0.3572,0,-0.0121,-0.3574,0.9339,0,0,0.2885,0,1],"rest":[0.9967,-0.0791,-0.0174,0,0.0801,0.9306,0.3572,0,-0.0121,-0.3574,0.9339,0,0,0.2885,0,1],"parentBoneIndex":8,"length":0.2628},
{"name":"hand.L","index":10,"matrix":[0.9984,-0.0562,0.0085,0,0.0565,0.9972,-0.0499,0,-0.0057,0.0503,0.9987,0,0,0.2628,0,1],"rest":[0.9984,-0.0562,0.0085,0,0.0565,0.9972,-0.0499,0,-0.0057,0.0503,0.9987,0,0,0.2628,0,1],"parentBoneIndex":9,"length":0.0802},
{"name":"shoulder.R","index":11,"matrix":[0.5071,0.0247,-0.8615,0,-0.8619,0.0139,-0.5069,0,-0.0005,0.9996,0.0283,0,-0.0183,0.1372,0.0783,1],"rest":[0.5071,0.0247,-0.8615,0,-0.8619,0.0139,-0.5069,0,-0.0005,0.9996,0.0283,0,-0.0183,0.1372,0.0783,1],"parentBoneIndex":3,"length":0.1753},
{"name":"upper_arm.R","index":12,"matrix":[-0.2438,0.4139,0.8771,0,-0.2497,0.8471,-0.4692,0,-0.9371,-0.3334,-0.1031,0,-0.0078,0.2008,-0.0204,1],"rest":[-0.2438,0.4139,0.8771,0,-0.2497,0.8471,-0.4692,0,-0.9371,-0.3334,-0.1031,0,-0.0078,0.2008,-0.0204,1],"parentBoneIndex":11,"length":0.2885},
{"name":"forearm.R","index":13,"matrix":[0.9967,0.0791,0.0174,0,-0.0801,0.9306,0.3572,0,0.0121,-0.3574,0.9339,0,0,0.2885,0,1],"rest":[0.9967,0.0791,0.0174,0,-0.0801,0.9306,0.3572,0,0.0121,-0.3574,0.9339,0,0,0.2885,0,1],"parentBoneIndex":12,"length":0.2628},
{"name":"hand.R","index":14,"matrix":[0.9984,0.0562,-0.0085,0,-0.0565,0.9972,-0.0499,0,0.0057,0.0503,0.9987,0,0,0.2628,0,1],"rest":[0.9984,0.0562,-0.0085,0,-0.0565,0.9972,-0.0499,0,0.0057,0.0503,0.9987,0,0,0.2628,0,1],"parentBoneIndex":13,"length":0.0802},
{"name":"breast.L","index":15,"matrix":[-1,0,0,0,0,-0.0286,0.9996,0,0,0.9996,0.0286,0,0.1184,-0.0049,-0.0428,1],"rest":[-1,0,0,0,0,-0.0286,0.9996,0,0,0.9996,0.0286,0,0.1184,-0.0049,-0.0428,1],"parentBoneIndex":3,"length":0.1392},
{"name":"breast.R","index":16,"matrix":[-1,0,0,0,0,-0.0286,0.9996,0,0,0.9996,0.0286,0,-0.1184,-0.0049,-0.0428,1],"rest":[-1,0,0,0,0,-0.0286,0.9996,0,0,0.9996,0.0286,0,-0.1184,-0.0049,-0.0428,1],"parentBoneIndex":3,"length":0.1392},
{"name":"pelvis.L","index":17,"matrix":[-0.4218,-0.0525,0.9052,0,0.5363,0.7905,0.2958,0,-0.7311,0.6102,-0.3052,0,0,0,0,1],"rest":[-0.4218,-0.0525,0.9052,0,0.5363,0.7905,0.2958,0,-0.7311,0.6102,-0.3052,0,0,0,0,1],"parentBoneIndex":0,"length":0.2073},
{"name":"pelvis.R","index":18,"matrix":[-0.4218,0.0525,-0.9052,0,-0.5363,0.7905,0.2958,0,0.7311,0.6102,-0.3052,0,0,0,0,1],"rest":[-0.4218,0.0525,-0.9052,0,-0.5363,0.7905,0.2958,0,0.7311,0.6102,-0.3052,0,0,0,0,1],"parentBoneIndex":0,"length":0.2073},
{"name":"thigh.L","index":19,"matrix":[1,0,0,0,0,-0.9464,0.3229,0,0,-0.3229,-0.9464,0,0.098,0.0708,0.0259,1],"rest":[1,0,0,0,0,-0.9464,0.3229,0,0,-0.3229,-0.9464,0,0.098,0.0708,0.0259,1],"parentBoneIndex":0,"length":0.5364},
{"name":"shin.L","index":20,"matrix":[1,0,0,0,0,0.9847,0.1744,0,0,-0.1744,0.9847,0,0,0.5364,0,1],"rest":[1,0,0,0,0,0.9847,0.1744,0,0,-0.1744,0.9847,0,0,0.5364,0,1],"parentBoneIndex":19,"length":0.4542},
{"name":"foot.L","index":21,"matrix":[1,0,0,0,0,0.4438,-0.8961,0,0,0.8961,0.4438,0,0,0.4542,0,1],"rest":[1,0,0,0,0,0.4438,-0.8961,0,0,0.8961,0.4438,0,0,0.4542,0,1],"parentBoneIndex":20,"length":0.1292},
{"name":"toe.L","index":22,"matrix":[-1,0,0,0,0,0.848,-0.53,0,0,-0.53,-0.848,0,0,0.1292,0,1],"rest":[-1,0,0,0,0,0.848,-0.53,0,0,-0.53,-0.848,0,0,0.1292,0,1],"parentBoneIndex":21,"length":0.0672},
{"name":"heel.02.L","index":23,"matrix":[0,0.848,-0.53,0,1,0,0,0,0,-0.53,-0.848,0,-0.038,0.02,0.088,1],"rest":[0,0.848,-0.53,0,1,0,0,0,0,-0.53,-0.848,0,-0.038,0.02,0.088,1],"parentBoneIndex":21,"length":0.08},
{"name":"thigh.R","index":24,"matrix":[1,0,0,0,0,-0.9464,0.3229,0,0,-0.3229,-0.9464,0,-0.098,0.0708,0.0259,1],"rest":[1,0,0,0,0,-0.9464,0.3229,0,0,-0.3229,-0.9464,0,-0.098,0.0708,0.0259,1],"parentBoneIndex":0,"length":0.5364},
{"name":"shin.R","index":25,"matrix":[1,0,0,0,0,0.9847,0.1744,0,0,-0.1744,0.9847,0,0,0.5364,0,1],"rest":[1,0,0,0,0,0.9847,0.1744,0,0,-0.1744,0.9847,0,0,0.5364,0,1],"parentBoneIndex":24,"length":0.4542},
{"name":"foot.R","index":26,"matrix":[1,0,0,0,0,0.4438,-0.8961,0,0,0.8961,0.4438,0,0,0.4542,0,1],"rest":[1,0,0,0,0,0.4438,-0.8961,0,0,0.8961,0.4438,0,0,0.4542,0,1],"parentBoneIndex":25,"length":0.1292},
{"name":"toe.R","index":27,"matrix":[-1,0,0,0,0,0.848,-0.53,0,0,-0.53,-0.848,0,0,0.1292,0,1],"rest":[-1,0,0,0,0,0.848,-0.53,0,0,-0.53,-0.848,0,0,0.1292,0,1],"parentBoneIndex":26,"length":0.0672},
{"name":"heel.02.R","index":28,"matrix":[0,-0.848,0.53,0,-1,0,0,0,0,-0.53,-0.848,0,0.038,0.02,0.088,1],"rest":[0,-0.848,0.53,0,-1,0,0,0,0,-0.53,-0.848,0,0.038,0.02,0.088,1],"parentBoneIndex":26,"length":0.08}]}],
"meshes":[{"name":"Empty","id":"Empty","position":[5.6602,0,-7.0574],"rotation":[0,0,0],"scaling":[0.6086,0.6086,0.6086],"isVisible":false,"isEnabled":true},{"name":"Empty.001","id":"Empty.001","position":[-5.0191,2.2926,-1.5517],"rotation":[0,0,0],"scaling":[0.6086,0.6086,0.6086],"isVisible":false,"isEnabled":true},{"name":"back wall.002","id":"back wall.002","materialId":"canteen wall","billboardMode":0,"position":[6.0543,6.6338,-0.096],"rotation":[0,-1.5708,0],"scaling":[1,1,1],"isVisible":true,"isEnabled":true,"pickable":false
,"positions":[-9.9894,-4.1911,0,-8.5984,-4.1212,0,-8.5984,-4.1911,0,13.4993,-4.1212,0,13.4993,-2.5256,0,14.0851,-1.0958,0,1.5492,-4.1212,0,2.9401,-4.1911,0,1.5492,-4.1911,0,6.5891,-4.1911,0,5.1982,-4.1212,0,6.5891,-4.1212,0,-6.2807,-4.3121,0,-5.4268,-5.7868,0,-6.2807,-5.7868,0,-7.7088,-4.3121,0,-7.7088,-6.6338,0
,-8.5984,-5.7868,0,12.1083,-4.1911,0,12.1083,-4.1212,0,8.646,-4.1212,0,10.0369,-4.1911,0,8.646,-4.1911,0,1.5492,-4.1911,-0.2843,2.9401,-4.1212,-0.2843,1.5492,-4.1212,-0.2843,5.1982,-2.5256,-0.2843,6.5891,-2.5256,-0.2843,14.0851,-1.0958,-0.2843,-2.0406,-5.7868,-0.2843,-4.0359,-5.7868,-0.2843,-6.2807,-6.6338,-0.2843,13.4993,-4.1212,-0.2843,12.1083,-4.1911,-0.2843
,13.4993,-4.1911,-0.2843,8.646,-4.1911,-0.2843,10.0369,-4.1212,-0.2843,8.646,-4.1212,-0.2843,-14.0851,-7.2622,0,-14.0851,-1.0958,-0.2843,-14.0851,-1.0958,0,14.0851,-7.2622,0,-14.0851,-7.2622,-0.2843,-14.0851,-7.2622,0,-14.0851,-1.0958,0,14.0851,-1.0958,-0.2843,14.0851,-1.0958,0,14.0851,-1.0958,0,14.0851,-7.2622,-0.2843,14.0851,-7.2622,0,13.4993,-5.7868,0
,12.1083,-5.7868,-0.2843,13.4993,-5.7868,-0.2843,13.4993,-4.1911,0,13.4993,-5.7868,-0.2843,13.4993,-4.1911,-0.2843,13.4993,-4.1911,0,12.1083,-4.1911,-0.2843,12.1083,-4.1911,0,12.1083,-5.7868,0,12.1083,-4.1911,-0.2843,12.1083,-5.7868,-0.2843,10.0369,-5.7868,0,8.646,-5.7868,-0.2843,10.0369,-5.7868,-0.2843,10.0369,-4.1911,0,10.0369,-5.7868,-0.2843,10.0369,-4.1911,-0.2843
,10.0369,-4.1911,0,8.646,-4.1911,-0.2843,8.646,-4.1911,0,8.646,-5.7868,0,8.646,-4.1911,-0.2843,8.646,-5.7868,-0.2843,6.5891,-5.7868,0,5.1982,-5.7868,-0.2843,6.5891,-5.7868,-0.2843,6.5891,-4.1911,0,6.5891,-5.7868,-0.2843,6.5891,-4.1911,-0.2843,6.5891,-4.1911,0,5.1982,-4.1911,-0.2843,5.1982,-4.1911,0,5.1982,-5.7868,0,5.1982,-4.1911,-0.2843
,5.1982,-5.7868,-0.2843,1.5492,-5.7868,-0.2843,2.9401,-5.7868,0,1.5492,-5.7868,0,2.9401,-4.1911,0,2.9401,-5.7868,-0.2843,2.9401,-4.1911,-0.2843,1.5492,-4.1911,0,2.9401,-4.1911,-0.2843,1.5492,-4.1911,-0.2843,1.5492,-5.7868,-0.2843,1.5492,-4.1911,0,1.5492,-4.1911,-0.2843,-2.0406,-5.7868,0,-0.6497,-5.7868,-0.2843,-0.6497,-5.7868,0,-0.6497,-5.7868,-0.2843
,-0.6497,-4.1911,0,-0.6497,-5.7868,0,-2.0406,-4.1911,-0.2843,-0.6497,-4.1911,0,-0.6497,-4.1911,-0.2843,-2.0406,-5.7868,-0.2843,-2.0406,-4.1911,0,-2.0406,-4.1911,-0.2843,-5.4268,-5.7868,-0.2843,-4.0359,-5.7868,0,-5.4268,-5.7868,0,-4.0359,-5.7868,-0.2843,-4.0359,-4.1911,0,-4.0359,-5.7868,0,-5.4268,-4.1911,-0.2843,-4.0359,-4.1911,0,-4.0359,-4.1911,-0.2843
,-5.4268,-5.7868,-0.2843,-5.4268,-4.1911,0,-5.4268,-4.1911,-0.2843,12.1083,-4.1212,-0.2843,13.4993,-4.1212,0,12.1083,-4.1212,0,13.4993,-4.1212,-0.2843,13.4993,-2.5256,0,13.4993,-4.1212,0,12.1083,-2.5256,-0.2843,13.4993,-2.5256,0,13.4993,-2.5256,-0.2843,12.1083,-4.1212,0,12.1083,-2.5256,-0.2843,12.1083,-4.1212,-0.2843,8.646,-4.1212,-0.2843,10.0369,-4.1212,0
,8.646,-4.1212,0,10.0369,-2.5256,0,10.0369,-4.1212,-0.2843,10.0369,-2.5256,-0.2843,10.0369,-2.5256,0,8.646,-2.5256,-0.2843,8.646,-2.5256,0,8.646,-2.5256,-0.2843,8.646,-4.1212,0,8.646,-2.5256,0,5.1982,-4.1212,-0.2843,6.5891,-4.1212,0,5.1982,-4.1212,0,6.5891,-4.1212,-0.2843,6.5891,-2.5256,0,6.5891,-4.1212,0,5.1982,-2.5256,-0.2843
,6.5891,-2.5256,0,6.5891,-2.5256,-0.2843,5.1982,-4.1212,-0.2843,5.1982,-2.5256,0,5.1982,-2.5256,-0.2843,1.5492,-4.1212,-0.2843,2.9401,-4.1212,0,1.5492,-4.1212,0,2.9401,-4.1212,-0.2843,2.9401,-2.5256,0,2.9401,-4.1212,0,1.5492,-2.5256,-0.2843,2.9401,-2.5256,0,2.9401,-2.5256,-0.2843,1.5492,-4.1212,-0.2843,1.5492,-2.5256,0,1.5492,-2.5256,-0.2843
,-2.0406,-4.1212,0,-0.6497,-4.1212,-0.2843,-0.6497,-4.1212,0,-0.6497,-4.1212,-0.2843,-0.6497,-2.5256,0,-0.6497,-4.1212,0,-2.0406,-2.5256,-0.2843,-0.6497,-2.5256,0,-0.6497,-2.5256,-0.2843,-2.0406,-4.1212,0,-2.0406,-2.5256,-0.2843,-2.0406,-4.1212,-0.2843,-5.4268,-4.1212,-0.2843,-4.0359,-4.1212,0,-5.4268,-4.1212,0,-4.0359,-2.5256,0,-4.0359,-4.1212,-0.2843
,-4.0359,-2.5256,-0.2843,-4.0359,-2.5256,0,-5.4268,-2.5256,-0.2843,-5.4268,-2.5256,0,-5.4268,-2.5256,0,-5.4268,-4.1212,-0.2843,-5.4268,-4.1212,0,-9.9894,-5.7868,-0.2843,-8.5984,-5.7868,0,-9.9894,-5.7868,0,-8.5984,-5.7868,-0.2843,-8.5984,-4.1911,0,-8.5984,-5.7868,0,-8.5984,-4.1911,0,-9.9894,-4.1911,-0.2843,-9.9894,-4.1911,0,-9.9894,-4.1911,0
,-9.9894,-5.7868,-0.2843,-9.9894,-5.7868,0,-11.9846,-5.7868,0,-13.3756,-5.7868,-0.2843,-11.9846,-5.7868,-0.2843,-11.9846,-4.1911,0,-11.9846,-5.7868,-0.2843,-11.9846,-4.1911,-0.2843,-11.9846,-4.1911,0,-13.3756,-4.1911,-0.2843,-13.3756,-4.1911,0,-13.3756,-5.7868,0,-13.3756,-4.1911,-0.2843,-13.3756,-5.7868,-0.2843,-8.5984,-4.1212,0,-9.9894,-4.1212,-0.2843,-8.5984,-4.1212,-0.2843
,-8.5984,-2.5256,0,-8.5984,-4.1212,-0.2843,-8.5984,-2.5256,-0.2843,-8.5984,-2.5256,0,-9.9894,-2.5256,-0.2843,-9.9894,-2.5256,0,-9.9894,-4.1212,0,-9.9894,-2.5256,-0.2843,-9.9894,-4.1212,-0.2843,-11.9846,-4.1212,0,-13.3756,-4.1212,-0.2843,-11.9846,-4.1212,-0.2843,-11.9846,-2.5256,0,-11.9846,-4.1212,-0.2843,-11.9846,-2.5256,-0.2843,-11.9846,-2.5256,0,-13.3756,-2.5256,-0.2843
,-13.3756,-2.5256,0,-13.3756,-4.1212,0,-13.3756,-2.5256,-0.2843,-13.3756,-4.1212,-0.2843,-6.2807,-6.6338,0,-7.7088,-6.6338,-0.2843,-6.2807,-6.6338,-0.2843,-7.7088,-4.3121,0,-7.7088,-4.3121,-0.2843,-7.7088,-5.7868,-0.2843,-7.7088,-4.3121,0,-6.2807,-4.3121,-0.2843,-7.7088,-4.3121,-0.2843,-6.2807,-5.7868,0,-6.2807,-6.6338,-0.2843,-6.2807,-5.7868,-0.2843,-9.9894,-4.1212,0
,-2.0406,-4.1212,0,-0.6497,-4.1212,0,-0.6497,-4.1911,0,-2.0406,-4.1911,0,-2.0406,-5.7868,0,-4.0359,-5.7868,0,-2.0406,-4.1212,0,-0.6497,-4.1911,0,-2.0406,-4.1911,0,1.5492,-2.5256,0,-0.6497,-2.5256,0,-0.6497,-2.5256,0,-2.0406,-2.5256,0,-14.0851,-1.0958,0,-2.0406,-4.1212,0,-2.0406,-4.1911,0,-4.0359,-4.1911,0
,-2.0406,-4.1911,0,-4.0359,-5.7868,0,-4.0359,-4.1911,0,2.9401,-2.5256,0,1.5492,-2.5256,0,-0.6497,-2.5256,0,-14.0851,-1.0958,0,-2.0406,-4.1212,0,-4.0359,-4.1212,0,-4.0359,-4.1911,0,-4.0359,-4.1212,0,-2.0406,-4.1212,0,-4.0359,-4.1212,0,-4.0359,-2.5256,0,2.9401,-4.1212,0,2.9401,-2.5256,0,5.1982,-2.5256,0
,2.9401,-2.5256,0,-4.0359,-2.5256,0,-14.0851,-1.0958,0,-4.0359,-2.5256,0,-5.4268,-2.5256,0,-14.0851,-1.0958,0,6.5891,-2.5256,0,5.1982,-2.5256,0,5.1982,-2.5256,0,2.9401,-2.5256,0,-5.4268,-2.5256,0,-8.5984,-2.5256,0,-14.0851,-1.0958,0,-8.5984,-2.5256,0,-9.9894,-2.5256,0,-14.0851,-1.0958,0,6.5891,-2.5256,0
,8.646,-2.5256,0,6.5891,-2.5256,0,10.0369,-4.1212,0,10.0369,-4.1212,0,10.0369,-2.5256,0,12.1083,-5.7868,0,8.646,-2.5256,0,6.5891,-2.5256,0,10.0369,-5.7868,0,12.1083,-5.7868,0,10.0369,-2.5256,0,8.646,-2.5256,0,10.0369,-4.1212,0,12.1083,-2.5256,0,10.0369,-2.5256,0,-9.9894,-2.5256,0,-9.9894,-4.1212,0
,-11.9846,-4.1212,0,-9.9894,-2.5256,0,-11.9846,-4.1212,0,-11.9846,-2.5256,0,10.0369,-2.5256,0,-9.9894,-2.5256,0,-11.9846,-2.5256,0,-14.0851,-1.0958,0,-11.9846,-2.5256,0,-13.3756,-2.5256,0,-14.0851,-1.0958,0,-13.3756,-2.5256,0,-13.3756,-4.1212,0,-14.0851,-1.0958,0,-13.3756,-4.1212,0,-13.3756,-4.1911,0,-14.0851,-1.0958,0
,-14.0851,-1.0958,0,-13.3756,-4.1911,0,-14.0851,-7.2622,0,-13.3756,-4.1911,0,-13.3756,-5.7868,0,-14.0851,-7.2622,0,14.0851,-7.2622,0,13.4993,-4.1911,0,14.0851,-7.2622,0,13.4993,-5.7868,0,13.4993,-4.1911,0,13.4993,-4.1911,0,2.9401,-4.1212,0,5.1982,-4.1911,0,-5.4268,-4.1911,0,-6.2807,-6.6338,0,-4.0359,-5.7868,0
,-6.2807,-6.6338,0,-4.0359,-5.7868,0,-2.0406,-5.7868,0,-6.2807,-6.6338,0,-2.0406,-5.7868,0,-0.6497,-5.7868,0,-6.2807,-6.6338,0,-0.6497,-4.1911,0,-0.6497,-4.1212,0,-0.6497,-4.1212,0,-0.6497,-2.5256,0,-0.6497,-5.7868,0,-0.6497,-4.1911,0,-0.6497,-2.5256,0,1.5492,-2.5256,0,-0.6497,-4.1911,0,1.5492,-5.7868,0
,-0.6497,-5.7868,0,2.9401,-5.7868,0,5.1982,-4.1911,0,2.9401,-4.1212,0,-6.2807,-6.6338,0,-0.6497,-5.7868,0,1.5492,-5.7868,0,5.1982,-4.1911,0,-6.2807,-6.6338,0,1.5492,-5.7868,0,2.9401,-5.7868,0,2.9401,-5.7868,0,5.1982,-4.1911,0,5.1982,-5.7868,0,-6.2807,-6.6338,0,2.9401,-5.7868,0,14.0851,-7.2622,0
,2.9401,-5.7868,0,5.1982,-5.7868,0,14.0851,-7.2622,0,6.5891,-5.7868,0,5.1982,-5.7868,0,6.5891,-5.7868,0,14.0851,-7.2622,0,6.5891,-5.7868,0,8.646,-5.7868,0,10.0369,-5.7868,0,12.1083,-5.7868,0,14.0851,-7.2622,0,12.1083,-5.7868,0,13.4993,-5.7868,0,14.0851,-7.2622,0,6.5891,-5.7868,0,8.646,-5.7868,0
,14.0851,-7.2622,0,8.646,-5.7868,0,10.0369,-5.7868,0,14.0851,-7.2622,0,-14.0851,-7.2622,0,-13.3756,-5.7868,0,-11.9846,-5.7868,0,-11.9846,-4.1911,0,-13.3756,-4.1911,0,-13.3756,-4.1212,0,-11.9846,-4.1911,0,-13.3756,-4.1212,0,-11.9846,-4.1212,0,-11.9846,-4.1212,0,-9.9894,-4.1212,0,-11.9846,-4.1212,0,-11.9846,-4.1911,0
,-9.9894,-5.7868,0,-11.9846,-4.1911,0,-11.9846,-5.7868,0,-11.9846,-4.1911,0,-9.9894,-5.7868,0,-6.2807,-6.6338,0,14.0851,-7.2622,0,-14.0851,-7.2622,0,-6.2807,-6.6338,0,-14.0851,-7.2622,0,-14.0851,-7.2622,0,-11.9846,-5.7868,0,-9.9894,-5.7868,0,-14.0851,-7.2622,0,-9.9894,-5.7868,0,-9.9894,-5.7868,0,-5.4268,-4.1911,0
,-5.4268,-4.1212,0,-5.4268,-2.5256,0,-5.4268,-4.1212,0,-5.4268,-2.5256,0,-4.0359,-4.1212,0,-4.0359,-4.1911,0,-5.4268,-4.1911,0,-8.5984,-2.5256,0,-5.4268,-2.5256,0,-5.4268,-4.1212,0,-4.0359,-4.1212,0,-5.4268,-4.1911,0,-8.5984,-2.5256,0,13.4993,-4.1911,0,10.0369,-4.1212,0,2.9401,-4.1911,-0.2843,-5.4268,-4.1911,-0.2843
,-4.0359,-4.1911,-0.2843,-4.0359,-4.1212,-0.2843,-5.4268,-4.1911,-0.2843,-4.0359,-4.1212,-0.2843,-5.4268,-4.1212,-0.2843,-6.2807,-5.7868,-0.2843,-5.4268,-5.7868,-0.2843,-6.2807,-4.3121,-0.2843,-5.4268,-5.7868,-0.2843,-5.4268,-4.1911,-0.2843,-6.2807,-4.3121,-0.2843,-5.4268,-4.1911,-0.2843,-5.4268,-4.1212,-0.2843,-6.2807,-4.3121,-0.2843,-5.4268,-4.1212,-0.2843,-5.4268,-2.5256,-0.2843,-6.2807,-4.3121,-0.2843
,-6.2807,-4.3121,-0.2843,-5.4268,-2.5256,-0.2843,-7.7088,-4.3121,-0.2843,-8.5984,-5.7868,-0.2843,-7.7088,-5.7868,-0.2843,-7.7088,-4.3121,-0.2843,-8.5984,-2.5256,-0.2843,-8.5984,-4.1212,-0.2843,-7.7088,-4.3121,-0.2843,-8.5984,-4.1212,-0.2843,-8.5984,-4.1911,-0.2843,-7.7088,-4.3121,-0.2843,-8.5984,-2.5256,-0.2843,-7.7088,-4.3121,-0.2843,-5.4268,-2.5256,-0.2843,-8.5984,-5.7868,-0.2843,-7.7088,-4.3121,-0.2843
,-4.0359,-2.5256,-0.2843,-2.0406,-2.5256,-0.2843,-14.0851,-1.0958,-0.2843,-2.0406,-2.5256,-0.2843,-0.6497,-2.5256,-0.2843,-14.0851,-1.0958,-0.2843,-5.4268,-2.5256,-0.2843,-4.0359,-2.5256,-0.2843,-14.0851,-1.0958,-0.2843,-11.9846,-4.1212,-0.2843,-9.9894,-4.1212,-0.2843,-9.9894,-2.5256,-0.2843,-8.5984,-2.5256,-0.2843,-5.4268,-2.5256,-0.2843,-14.0851,-1.0958,-0.2843,-11.9846,-2.5256,-0.2843,-11.9846,-4.1212,-0.2843
,-9.9894,-2.5256,-0.2843,-9.9894,-2.5256,-0.2843,-8.5984,-2.5256,-0.2843,-14.0851,-1.0958,-0.2843,-13.3756,-2.5256,-0.2843,-11.9846,-2.5256,-0.2843,-14.0851,-1.0958,-0.2843,-11.9846,-2.5256,-0.2843,-9.9894,-2.5256,-0.2843,-14.0851,-1.0958,-0.2843,-13.3756,-5.7868,-0.2843,-13.3756,-4.1911,-0.2843,-14.0851,-7.2622,-0.2843,-13.3756,-4.1911,-0.2843,-13.3756,-4.1212,-0.2843,-14.0851,-1.0958,-0.2843,-13.3756,-4.1911,-0.2843
,-14.0851,-1.0958,-0.2843,-14.0851,-7.2622,-0.2843,-13.3756,-4.1212,-0.2843,-13.3756,-2.5256,-0.2843,-14.0851,-1.0958,-0.2843,13.4993,-5.7868,-0.2843,14.0851,-7.2622,-0.2843,14.0851,-7.2622,-0.2843,13.4993,-2.5256,-0.2843,12.1083,-4.1212,-0.2843,10.0369,-4.1911,-0.2843,12.1083,-4.1212,-0.2843,12.1083,-2.5256,-0.2843,10.0369,-4.1911,-0.2843,12.1083,-4.1212,-0.2843,12.1083,-2.5256,-0.2843,13.4993,-2.5256,-0.2843
,-14.0851,-1.0958,-0.2843,-0.6497,-2.5256,-0.2843,-0.6497,-4.1212,-0.2843,-2.0406,-4.1212,-0.2843,-2.0406,-4.1911,-0.2843,10.0369,-2.5256,-0.2843,12.1083,-2.5256,-0.2843,6.5891,-4.1911,-0.2843,8.646,-2.5256,-0.2843,6.5891,-4.1212,-0.2843,6.5891,-4.1911,-0.2843,6.5891,-5.7868,-0.2843,10.0369,-2.5256,-0.2843,12.1083,-2.5256,-0.2843,8.646,-5.7868,-0.2843,6.5891,-5.7868,-0.2843,8.646,-2.5256,-0.2843
,10.0369,-2.5256,-0.2843,-0.6497,-4.1212,-0.2843,-2.0406,-4.1911,-0.2843,-0.6497,-4.1911,-0.2843,-0.6497,-4.1911,-0.2843,-0.6497,-4.1911,-0.2843,-0.6497,-4.1212,-0.2843,1.5492,-2.5256,-0.2843,-0.6497,-4.1212,-0.2843,-0.6497,-2.5256,-0.2843,-0.6497,-4.1212,-0.2843,1.5492,-2.5256,-0.2843,6.5891,-4.1911,-0.2843,6.5891,-4.1212,-0.2843,6.5891,-4.1212,-0.2843,8.646,-2.5256,-0.2843,-0.6497,-2.5256,-0.2843
,1.5492,-2.5256,-0.2843,2.9401,-2.5256,-0.2843,5.1982,-4.1212,-0.2843,1.5492,-2.5256,-0.2843,2.9401,-2.5256,-0.2843,2.9401,-2.5256,-0.2843,5.1982,-4.1212,-0.2843,8.646,-2.5256,-0.2843,2.9401,-2.5256,-0.2843,5.1982,-4.1911,-0.2843,6.5891,-4.1911,-0.2843,6.5891,-4.1212,-0.2843,5.1982,-4.1212,-0.2843,2.9401,-4.1911,-0.2843,5.1982,-4.1911,-0.2843,6.5891,-4.1212,-0.2843,5.1982,-4.1212,-0.2843
,8.646,-5.7868,-0.2843,6.5891,-5.7868,-0.2843,14.0851,-7.2622,-0.2843,6.5891,-5.7868,-0.2843,5.1982,-5.7868,-0.2843,14.0851,-7.2622,-0.2843,14.0851,-7.2622,-0.2843,5.1982,-5.7868,-0.2843,2.9401,-5.7868,-0.2843,5.1982,-4.1911,-0.2843,5.1982,-4.1212,-0.2843,2.9401,-4.1911,-0.2843,10.0369,-5.7868,-0.2843,8.646,-5.7868,-0.2843,14.0851,-7.2622,-0.2843,5.1982,-5.7868,-0.2843,5.1982,-4.1911,-0.2843
